12704,20786056,12704,20786056,660744,12704,12704,12704,12704,20786056,660744,12704,660744,50824,12704,12704,12704,12704,12704,12704,12704,12704,12704,12704,12704,12704,12704
42814792,12704,20786056,660744,20786056,660744,12704,12704,12704,660744,20786056,660744,50824,660744,50824,12704,12704,12704,12704,12704,12704,12704,12704,12704,12704,12704,12704
12704,42814792,12704,12704,660744,20786056,12704,12704,12704,12704,660744,20786056,12704,50824,660744,12704,12704,12704,12704,12704,12704,12704,12704,12704,12704,12704,12704
42814792,1956552,12704,12704,20786056,12704,20786056,660744,12704,660744,50824,12704,20786056,660744,12704,660744,50824,12704,12704,12704,12704,12704,12704,12704,12704,12704,12704
1956552,42814792,1956552,42814792,12704,20786056,660744,20786056,660744,50824,660744,50824,660744,20786056,660744,50824,660744,50824,12704,12704,12704,12704,12704,12704,12704,12704,12704
12704,1956552,42814792,12704,42814792,12704,12704,660744,20786056,12704,50824,660744,12704,660744,20786056,12704,50824,660744,12704,12704,12704,12704,12704,12704,12704,12704,12704
12704,12704,12704,42814792,1956552,12704,12704,20786056,12704,12704,12704,12704,660744,50824,12704,20786056,660744,12704,12704,12704,12704,12704,12704,12704,12704,12704,12704
12704,12704,12704,1956552,42814792,1956552,42814792,12704,20786056,12704,12704,12704,50824,660744,50824,660744,20786056,660744,12704,12704,12704,12704,12704,12704,12704,12704,12704
12704,12704,12704,12704,1956552,42814792,12704,42814792,12704,12704,12704,12704,12704,50824,660744,12704,660744,20786056,12704,12704,12704,12704,12704,12704,12704,12704,12704
42814792,1956552,12704,1956552,127048,12704,12704,12704,12704,12704,20786056,12704,20786056,660744,12704,12704,12704,12704,20786056,660744,12704,660744,50824,12704,12704,12704,12704
1956552,42814792,1956552,127048,1956552,127048,12704,12704,12704,42814792,12704,20786056,660744,20786056,660744,12704,12704,12704,660744,20786056,660744,50824,660744,50824,12704,12704,12704
12704,1956552,42814792,12704,127048,1956552,12704,12704,12704,12704,42814792,12704,12704,660744,20786056,12704,12704,12704,12704,660744,20786056,12704,50824,660744,12704,12704,12704
1956552,127048,12704,42814792,1956552,12704,1956552,127048,12704,42814792,1956552,12704,12704,20786056,12704,20786056,660744,12704,660744,50824,12704,20786056,660744,12704,660744,50824,12704
127048,1956552,127048,1956552,42814792,1956552,127048,1956552,127048,1956552,42814792,1956552,42814792,12704,20786056,660744,20786056,660744,50824,660744,50824,660744,20786056,660744,50824,660744,50824
12704,127048,1956552,12704,1956552,42814792,12704,127048,1956552,12704,1956552,42814792,12704,42814792,12704,12704,660744,20786056,12704,50824,660744,12704,660744,20786056,12704,50824,660744
12704,12704,12704,1956552,127048,12704,42814792,1956552,12704,12704,12704,12704,42814792,1956552,12704,12704,20786056,12704,12704,12704,12704,660744,50824,12704,20786056,660744,12704
12704,12704,12704,127048,1956552,127048,1956552,42814792,1956552,12704,12704,12704,1956552,42814792,1956552,42814792,12704,20786056,12704,12704,12704,50824,660744,50824,660744,20786056,660744
12704,12704,12704,12704,127048,1956552,12704,1956552,42814792,12704,12704,12704,12704,1956552,42814792,12704,42814792,12704,12704,12704,12704,12704,50824,660744,12704,660744,20786056
12704,12704,12704,12704,12704,12704,12704,12704,12704,42814792,1956552,12704,1956552,127048,12704,12704,12704,12704,12704,20786056,12704,20786056,660744,12704,12704,12704,12704
12704,12704,12704,12704,12704,12704,12704,12704,12704,1956552,42814792,1956552,127048,1956552,127048,12704,12704,12704,42814792,12704,20786056,660744,20786056,660744,12704,12704,12704
12704,12704,12704,12704,12704,12704,12704,12704,12704,12704,1956552,42814792,12704,127048,1956552,12704,12704,12704,12704,42814792,12704,12704,660744,20786056,12704,12704,12704
12704,12704,12704,12704,12704,12704,12704,12704,12704,1956552,127048,12704,42814792,1956552,12704,1956552,127048,12704,42814792,1956552,12704,12704,20786056,12704,20786056,660744,12704
12704,12704,12704,12704,12704,12704,12704,12704,12704,127048,1956552,127048,1956552,42814792,1956552,127048,1956552,127048,1956552,42814792,1956552,42814792,12704,20786056,660744,20786056,660744
12704,12704,12704,12704,12704,12704,12704,12704,12704,12704,127048,1956552,12704,1956552,42814792,12704,127048,1956552,12704,1956552,42814792,12704,42814792,12704,12704,660744,20786056
12704,12704,12704,12704,12704,12704,12704,12704,12704,12704,12704,12704,1956552,127048,12704,42814792,1956552,12704,12704,12704,12704,42814792,1956552,12704,12704,20786056,12704
12704,12704,12704,12704,12704,12704,12704,12704,12704,12704,12704,12704,127048,1956552,127048,1956552,42814792,1956552,12704,12704,12704,1956552,42814792,1956552,42814792,12704,20786056
12704,12704,12704,12704,12704,12704,12704,12704,12704,12704,12704,12704,12704,127048,1956552,12704,1956552,42814792,12704,12704,12704,12704,1956552,42814792,12704,42814792,12704
